0.104275	
0.104275	
0.255819	
0.283153	
0.351282	
0.445930	
0.466001	
0.468936	
0.478647	
0.499780	
0.523698	
0.561660	
0.567507	
0.549230	
0.530650	
0.527096	
0.507420	
0.474877	
0.189026	
0.177987	
0.104420	
0.090279	
-0.480187	
-0.482047	
-0.482221	
-0.482945	
-0.483552	
-0.471686	
-0.204705	
-0.191020	
0.133372	
0.249360	
0.283626	
0.318836	
0.367288	
0.367599	
0.368051	
0.368565	
0.368519	
0.255002	
0.251056	
0.145462	
0.141005	
0.119262	
0.094869	
0.091033	
0.014649	
0.002664	
-0.091699	
-0.091699	
-0.113795	
-0.118482	
-0.296337	
-0.305873	
-0.373389	
-0.441861	
-0.442110	
-0.430286	
-0.212512	
-0.138001	
-0.118482	
-0.001551	
-0.000208	
-0.000050	
-0.000002	
-0.000001	
-0.000000	
-0.000000	
0.000000	
0.000000	
0.000000	
0.000000	
0.000000	
0.000000	
0.000000	
0.000012	
0.000032	
0.000095	
0.000095	
0.000559	
0.003227	
0.005778	
0.005778	
0.025081	
0.050276	
0.269531	
0.266159	
0.160244	
0.100491	
0.045466	
-0.023769	
-0.460067	
-0.468436	
-0.485298	
-0.490590	
-0.549668	
-0.615065	
-0.623659	
-0.679408	
-0.695310	
-0.394624	
-0.313685	
-0.158365	
0.002794	
0.104469	
0.104925	
0.106612	
0.117251	
0.130652	
0.144295	
0.161486	
0.221377	
0.322257	
0.328992	
0.353929	
0.374016	
0.381064	
0.380887	
0.380739	
0.364007	
0.357404	
0.343373	
0.178458	
0.075476	
0.006521	
0.005397	
0.000424	
0.000208	
0.000133	
0.000000	
0.000000	
0.000000	
0.000000	
0.000000	
0.000000	
0.000000	
0.000000	
0.000000	
0.000000	
0.000000	
0.000000	
0.000000	
0.000000	
0.000000	
0.000000	
0.000000	
0.000769	
0.006690	
0.845506	
0.940134	
1.059726	
0.645741	
0.527732	
0.341345	
0.248460	
-0.033485	
-0.707630	
-0.707630	
-0.959979	
-0.185256	
-0.018033	
-0.008711	
-0.060244	
-0.092371	
-0.159376	
-0.175930	
-0.207523	
0.022495	
0.105893	
0.117941	
0.152183	
0.279038	
0.303828	
0.317388	
0.349035	
0.363621	
0.373852	
0.457979	
0.468414	
0.509445	
0.509147	
0.457809	
0.166594	
-0.001590	
-0.013329	
-0.045070	
-0.184751	
-0.261806	
-0.339988	
-0.344475	
-0.405924	
-0.521674	
-0.579181	
-0.314357	
-0.233518	
-0.233518	
-0.218937	
-0.217697	
-0.117458	
-0.049414	
-0.024987	
-0.019487	
-0.002043	
-0.000000	
-0.000000	
-0.000000	
-0.000000	
-0.000031	
-0.000038	
-0.007165	
-0.023404	
-0.067016	
-0.078093	
-0.776314	
-0.767459	
-0.710071	
-0.584256	
-0.520867	
-0.498429	
-0.505107	
-0.506310	
-0.506518	
-0.506420	
-0.503438	
-0.490500	
-0.116171	
0.044211	
0.199493	
0.232349	
0.206961	
0.196737	
0.296616	
0.314043	
0.437523	
0.485833	
0.490937	
0.497383	
0.487596	
0.466669	
0.456846	
0.448432	
0.411903	
0.394135	
0.333760	
0.316500	
0.179400	
0.176135	
0.124357	
0.080974	
0.053302	
-0.011034	
-0.015005	
-0.284216	
0.193423	
0.223559	
0.282051	
0.329222	
0.320069	
0.320069	
0.141701	
0.051496	
0.046121	
0.066376	
0.232966	
0.232966	
0.317727	
0.438041	
0.456558	
0.455369	
0.350320	
0.276290	
-0.049260	
-0.064617	
-0.152201	
-0.138828	
-0.092588	
-0.077874	
-0.035424	
-0.026455	
-0.006859	
-0.005394	
-0.000471	
-0.000045	
-0.000207	
-0.000651	
-0.001244	
-0.195711	
-0.294067	
-0.274848	
-0.265640	
-0.208121	
0.008280	
0.115769	
0.256044	
0.430465	
0.465075	
0.570547	
0.598671	
0.735370	
0.733469	
0.690796	
0.552653	
0.246727	
0.156588	
0.156588	
0.141206	
0.113299	
0.094894	
0.060107	
0.013589	
-0.000997	
-0.001541	
-0.001835	
-0.013051	
-0.064538	
-0.158261	
-0.193031	
-0.247177	
-0.253193	
-0.419938	
-0.426380	
-0.483958	
-0.483086	
-0.482801	
-0.482801	
-0.440057	
-0.410173	
-0.278874	
-0.265333	
0.107379	
0.109171	
0.114197	
0.085465	
0.072194	
0.038800	
0.003203	
0.000008	
-0.000000	
-0.000000	
-0.000078	
-0.001541	
-0.007713	
-0.015635	
-0.023169	
-0.072766	
-0.112256	
-0.237941	
-0.331793	
-0.367655	
-0.414435	
-0.483742	
-0.494900	
-0.458129	
-0.440545	
-0.390458	
-0.303809	
-0.256234	
-0.231802	
-0.225683	
-0.101953	
-0.092603	
-0.083665	
-0.026182	
0.096858	
0.165148	
0.170933	
0.200579	
0.285213	
0.346386	
0.361444	
0.397378	
0.429920	
0.493021	
0.438903	
0.296910	
0.188668	
0.045790	
0.012089	
0.001947	
0.000047	
0.000000	
0.000000	
0.000000	
0.000000	
0.000000	
0.000000	
0.000000	
0.000000	
0.000000	
0.000000	
0.000000	
0.000000	
0.000000	
0.000000	
0.000000	
0.000000	
-0.000000	
-0.000000	
-0.000000	
-0.000000	
-0.000000	
-0.000000	
-0.000000	
-0.000000	
-0.000000	
-0.000001	
-0.000002	
-0.000262	
-0.000697	
-0.010759	
-0.236185	
-0.381993	
-0.462936	
-0.473766	
-0.479385	
-0.490587	
-0.495691	
-0.498086	
-0.510698	
-0.443129	
-0.430258	
-0.307097	
-0.108624	
0.003261	
0.017145	
0.031002	
0.049292	
0.303490	
0.303490	
0.563514	
0.592792	
0.444706	
0.381851	
0.280753	
0.248777	
0.232183	
0.191756	
0.178592	
0.167284	
0.117686	
0.025485	
0.023964	
0.018506	
0.000428	
0.000034	
0.000000	
0.000000	
0.000000	
0.000001	
0.000003	
0.000010	
0.000024	
0.000036	
0.000044	
0.000198	
0.001411	
0.058595	
0.095477	
0.119257	
0.460265	
0.942942	
0.740737	
0.576107	
1.100739	
1.456812	
1.456812	
2.627334	
2.761871	
2.004431	
1.633051	
0.831347	
0.087910	
0.020160	
0.034320	
-0.000916	
-0.269137	
-0.675590	
-0.827966	
-1.414403	
-2.334790	
-2.808690	
-2.615149	
-0.770032	
-0.610111	
-0.002755	
-0.000633	
-0.000365	
0.001579	
0.003421	
0.006160	
0.241320	
0.263873	
0.339046	
0.358768	
0.360030	
0.359986	
0.356436	
0.293051	
0.014459	
0.008085	
0.000263	
0.000000	
0.000000	
0.000000	
0.000000	
0.000000	
0.000000	
0.000000	
0.000000	
0.000000	
-0.000000	
-0.000000	
-0.000000	
-0.000000	
-0.000000	
-0.000000	
-0.000000	
-0.000000	
-0.000000	
-0.000000	
-0.000000	
-0.000128	
-0.003482	
-0.006858	
-0.009585	
-0.009564	
-0.009564	
0.006301	
0.025228	
0.029198	
0.039136	
-0.041171	
-0.095669	
-0.289765	
-0.305500	
-0.498035	
-0.506760	
-0.484740	
-0.486725	
-0.495146	
-0.490113	
-0.207383	
-0.096379	
-0.088778	
0.077274	
0.082421	
0.081458	
0.066284	
0.055438	
0.078248	
0.293254	
0.337411	
0.352172	
0.477132	
0.488294	
0.521535	
-0.110222	
-0.157958	
-0.160624	
-0.163316	
-0.188464	
-0.246292	
-0.295877	
-0.450269	
-0.484212	
-0.571820	
-0.613084	
-0.500541	
-0.413876	
-0.382216	
-0.259285	
-0.250199	
-0.167077	
0.216225	
0.225354	
0.452331	
0.483242	
0.461090	
0.461090	
0.306925	
0.297779	
0.278969	
0.285025	
0.285662	
0.298496	
0.302143	
0.306768	
0.306729	
0.295842	
0.134056	
0.095164	
0.086906	
-0.012357	
-0.168283	
-0.258797	
-0.486935	
-0.492769	
-0.493374	
-0.491554	
-0.489531	
-0.456756	
-0.439226	
-0.416812	
-0.405644	
-0.371299	
-0.121894	
-0.061594	
-0.023099	
-0.012098	
-0.011084	
-0.006344	
-0.000358	
-0.000228	
0.046208	
0.111387	
0.146116	
0.222898	
0.309966	
0.354765	
0.369090	
0.366136	
0.362470	
0.339239	
0.231507	
0.191648	
0.076787	
0.018667	
0.011692	
0.000539	
0.000412	
0.000017	
0.000000	
0.000000	
0.000000	
0.000000	
0.000000	
0.000000	
0.000000	
0.000003	
0.000108	
0.000220	
0.000592	
1.102819	
1.139708	
1.198473	
1.071506	
0.914976	
0.847318	
0.401243	
0.343186	
0.343186	
0.127508	
0.113485	
0.005469	
-0.045682	
-0.064592	
-0.039317	
-0.008889	
-0.000656	
-0.000053	
-0.000044	
-0.000000	
-0.000000	
0.000000	
0.000000	
0.000000	
0.000000	
0.000000	
0.000000	
0.000001	
0.000033	
0.001520	
0.004647	
0.075677	
0.141550	
0.204730	
0.486813	
0.485693	
0.478183	
0.475471	
0.465071	
0.335424	
0.273916	
0.227304	
0.147076	
0.059580	
-0.088917	
-0.198764	
-0.775744	
-0.741132	
-0.713431	
-0.665049	
-0.665049	
-0.550256	
-0.518828	
-0.466490	
-0.458797	
-0.428965	
0.255306	
0.317767	
0.171857	
0.162754	
0.092511	
0.132613	
0.357419	
0.382968	
0.389443	
0.428983	
0.328860	
-0.101234	
-0.192351	
-0.408860	
-0.426081	
-0.473389	
-0.465674	
-0.498832	
-0.519053	
-0.452896	
-0.449014	
-0.169894	
-0.119490	
0.053581	
0.059340	
0.217541	
0.274682	
0.381680	
0.385331	
0.399710	
0.402269	
0.356807	
0.092848	
0.044546	
0.042911	
0.042451	
0.042412	
0.042375	
0.042306	
0.042280	
0.034118	
0.028841	
0.028381	
0.002285	
0.001814	
-0.000826	
-0.064761	
-0.070996	
-0.119037	
-0.546073	
-1.324299	
-1.414777	
-1.314290	
-0.959659	
-0.768464	
0.237746	
0.276989	
0.380242	
0.767150	
0.876862	
1.636908	
1.648672	
0.693256	
0.584035	
-0.067460	
-0.200858	
-0.261966	
-0.301904	
-0.401016	
-0.497508	
-0.514726	
-0.533327	
-0.532450	
-0.212162	
-0.183852	
-0.163622	
-0.148753	
-0.122849	
-0.013708	
-0.011270	
-0.000418	
-0.000281	
0.010329	
0.064829	
0.318545	
0.326901	
0.327277	
0.327277	
0.327204	
0.326137	
0.319577	
0.248096	
-0.046652	
-0.075363	
-0.324214	
-0.465131	
-0.492742	
-0.494918	
-0.494721	
-0.489535	
-0.489535	
-0.320797	
-0.280338	
-0.121774	
-0.044642	
0.002701	
0.066621	
0.078979	
0.106433	
0.291491	
0.351984	
0.481656	
0.486583	
0.488921	
0.493016	
0.492537	
0.477237	
0.413467	
0.279699	
0.273736	
0.200907	
0.171283	
0.003811	
0.000008	
-0.000013	
-0.000022	
-0.016396	
-0.513238	
-0.685315	
-1.107700	
-1.685325	
-2.052716	
-2.114001	
-1.868764	
-1.548759	
1.366924	
1.432539	
1.325636	
1.297337	
0.309430	
-0.028544	
0.364815	
1.066913	
1.066913	
1.439940	
1.631473	
1.282568	
1.146186	
1.036695	
0.546333	
1.544094	
1.590943	
2.461870	
3.117165	
3.283105	
2.700899	
2.237982	
1.322760	
0.049593	
-0.073914	
-0.178583	
-0.211288	
-0.289095	
-0.549790	
-0.457181	
-0.302306	
-0.082768	
0.301526	
0.455056	
0.406760	
0.387023	
0.317239	
0.278431	
0.096925	
0.027246	
0.013555	
0.005603	
0.031953	
0.033492	
0.045294	
0.116950	
0.115413	
0.086959	
-0.018733	
-0.434119	
-0.445282	
-0.457204	
-0.461642	
-0.479698	
-0.532669	
-0.671631	
-0.671630	
-0.669720	
-0.661960	
-0.632592	
-0.623336	
-0.607639	
-0.313913	
-0.288049	
-0.279611	
-0.194259	
-0.021235	
0.100601	
0.141091	
0.209406	
0.259493	
0.295188	
0.440152	
0.473318	
0.480035	
0.479188	
0.453369	
0.236732	
0.211074	
0.136152	
0.095314	
0.073754	
0.027247	
0.004570	
0.002210	
0.000009	
0.000002	
0.000000	
0.000000	
0.000000	
0.000000	
0.000000	
0.000000	
0.000000	
0.000000	
0.000000	
0.000000	
0.000000	
0.000000	
0.000000	
0.000000	
0.000000	
0.000000	
0.000000	
0.000000	
0.000000	
0.000000	
0.000000	
0.000000	
0.000000	
0.000000	
0.000000	
0.000000	
0.000000	
0.000000	
0.000000	
0.000000	
0.000000	
0.000000	
0.000000	
0.000000	
0.000000	
0.000000	
0.000000	
0.000000	
0.000000	
0.000000	
0.000000	
0.000000	
0.000000	
0.000000	
0.000000	
0.000000	
0.000000	
0.000000	
0.000000	
0.000000	
0.000000	
0.000000	
0.000000	
0.000000	
0.000000	
0.000000	
0.000000	
0.000000	
0.000000	
0.000005	
0.000013	
0.005668	
0.126703	
0.163299	
0.183585	
0.274799	
0.279725	
0.327171	
0.330893	
0.328046	
0.327306	
0.325921	
0.279235	
0.276031	
0.001768	
-0.075177	
-0.250157	
-0.388636	
-0.412435	
-0.412610	
-0.391896	
-0.379370	
-0.034292	
-0.015590	
-0.000020	
-0.000011	
0.000023	
0.000323	
0.004977	
0.006532	
0.040529	
0.234361	
0.284704	
0.315235	
0.850434	
1.300952	
1.207051	
1.132177	
0.656833	
-0.146746	
-0.275403	
-0.414509	
-0.452301	
-0.653639	
-0.704986	
-1.410282	
-1.615352	
-1.619477	
-1.496565	
-1.483722	
-1.490725	
-1.490725	
-1.268102	
-0.953596	
-0.355564	
0.012996	
0.082698	
0.100220	
0.113261	
0.206621	
0.452419	
0.747688	
0.946865	
1.128302	
1.547778	
1.343546	
0.966951	
0.591626	
0.558329	
0.359745	
0.276154	
0.263151	
0.263066	
0.262600	
0.040596	
-0.053893	
-0.068495	
-0.152605	
-0.179585	
-0.181543	
-0.187130	
-0.210709	
-0.225622	
-0.226019	
-0.227662	
-0.225828	
-0.214401	
-0.117852	
-0.015243	
0.002368	
0.084674	
0.090952	
0.134714	
0.115015	
0.107455	
-0.273454	
-0.361394	
-0.369665	
-0.411772	
-0.497167	
-0.510249	
-0.539887	
-0.555610	
-0.568349	
-0.581798	
-0.586419	
-0.610333	
-0.673960	
-0.584935	
-0.542058	
-0.262818	
-0.212606	
-0.107116	
0.013930	
0.031692	
0.062273	
0.087044	
0.249238	
0.543663	
0.654507	
0.721827	
0.645693	
0.630130	
0.501084	
0.486919	
0.489000	
0.508809	
0.600334	
0.447612	
0.085242	
0.047798	
-0.054580	
-0.117585	
-0.160167	
-0.194288	
-0.211985	
-0.457813	
-0.473396	
-0.550420	
-0.550420	
-0.579329	
-0.695230	
-0.697372	
-0.606660	
-0.448221	
-0.236911	
-0.118406	
0.065780	
0.195885	
0.259360	
0.283310	
0.293025	
0.254355	
0.221130	
0.081481	
0.008813	
0.003841	
0.003138	
0.000209	
0.000000	
0.000000	
0.000000	
0.000000	
0.000000	
0.000000	
0.000000	
0.000000	
0.000000	
0.000000	
0.000000	
0.000000	
0.000000	
0.000001	
0.000325	
0.000431	
0.034107	
0.100929	
0.159619	
0.312632	
0.388217	
0.416538	
0.447515	
0.483209	
0.489804	
0.489804	
0.508583	
0.526861	
0.523433	
0.501121	
0.481343	
0.474757	
0.159056	
0.138749	
0.114290	
0.102932	
0.080631	
0.079521	
0.067469	
0.050117	
0.007881	
0.007881	
0.005962	
0.000038	
0.000000	
0.000000	
0.000000	
0.000000	
0.000000	
0.000000	
0.000000	
0.000000	
0.000002	
0.005082	
0.012392	
0.022547	
0.102492	
0.107462	
0.217744	
0.426952	
0.442966	
0.442197	
0.438989	
0.438483	
0.438421	
0.321011	
-0.163041	
-0.200632	
-0.233523	
-0.266283	
-0.287868	
-0.301511	
-0.331158	
-0.330856	
-0.328214	
-0.327997	
-0.325893	
-0.325247	
-0.323373	
-0.281447	
-0.097172	
-0.087164	
-0.022953	
-0.018724	
-0.017900	
0.230843	
0.251485	
0.298471	
0.330054	
0.428288	
0.470128	
0.484477	
0.490509	
0.491539	
0.491370	
0.491257	
0.482010	
0.469176	
0.381853	
0.377070	
0.233505	
0.039191	
0.031536	
-0.011957	
-0.011304	
-0.000539	
-0.000488	
-0.012514	
-0.389754	
-0.423371	
-0.420681	
-0.111193	
-0.111193	
0.077793	
0.160423	
0.216892	
0.333386	
0.609213	
0.655956	
0.657168	
0.658167	
0.645422	
0.599217	
0.458193	
0.378039	
0.362853	
0.302215	
0.227642	
0.182160	
0.176262	
0.094711	
0.082680	
0.042263	
0.018870	
0.003823	
0.000492	
-0.003692	
-0.013484	
-0.065332	
-0.096551	
-0.106753	
-0.124254	
-0.246607	
-0.254611	
-0.180337	
0.067274	
0.150407	
0.161698	
0.242895	
0.427100	
0.437597	
0.535359	
0.541358	
0.551366	
0.552305	
0.545932	
0.540377	
0.533505	
0.528191	
0.401929	
0.096240	
0.015769	
0.006218	
0.002331	
0.000278	
0.000107	
-0.000014	
-0.000178	
-0.000302	
-0.002615	
-0.006570	
-0.020804	
-0.025636	
-0.065884	
-0.655500	
-0.981965	
-1.412370	
-1.408228	
-1.264712	
-0.985357	
-0.950632	
-0.754894	
-0.725601	
-0.513212	
-0.484157	
-0.465675	
-0.416217	
-0.399835	
-0.259360	
0.185928	
0.729038	
0.000154	
0.000000	
-0.000000	
-0.000000	
-0.000032	
-0.000197	
-0.001708	
-0.002159	
-0.003375	
-0.003375	
-0.032618	
-0.071571	
-0.287354	
-0.438684	
-0.448369	
-0.448369	
-0.474806	
-0.478977	
-0.485705	
-0.486126	
-0.486416	
-0.486817	
-0.486823	
-0.486826	
-0.454672	
-0.443706	
-0.315025	
-0.141085	
-0.102268	
0.012327	
0.210935	
0.301995	
0.324014	
0.349674	
0.401486	
0.476126	
0.478034	
0.480011	
0.483822	
0.483928	
0.474620	
0.418733	
0.285644	
0.129684	
0.042199	
0.034698	
0.000704	
0.000088	
0.000043	
-0.000072	
-0.000368	
-0.002742	
-0.011069	
-0.077184	
-0.086979	
-0.193035	
-0.217870	
-0.413222	
-0.477400	
-0.505623	
-0.426134	
-0.326319	
-0.252060	
-0.120723	
-0.056201	
-0.046965	
0.013831	
0.228005	
0.438102	
0.577059	
0.664475	
0.646132	
0.289911	
0.001335	
0.001184	
0.000817	
0.000008	
0.000001	
0.000000	
0.000000	
0.000000	
0.000000	
0.000000	
0.000000	
0.000000	
0.000000	
0.000000	
0.000000	
0.000000	
0.000000	
0.000028	
0.001281	
0.004616	
0.039540	
0.300551	
0.326808	
0.326808	
0.502457	
0.509106	
0.468633	
0.457258	
0.438137	
0.438137	
0.337202	
0.273897	
0.147860	
0.015636	
-0.335350	
-0.422829	
-0.435570	
-0.417596	
-0.401921	
-0.384886	
-0.383778	
-0.382930	
-0.382039	
-0.381623	
-0.378971	
-0.264826	
-0.230454	
-0.119472	
-0.075754	
-0.000245	
0.104160	
0.179561	
0.280032	
0.332695	
0.396987	
0.335834	
0.322762	
0.308337	
0.214501	
0.087835	
0.059508	
0.000001	
0.000000	
0.000000	
0.000000	
-0.000000	
-0.000002	
-0.000037	
-0.023650	
-0.049543	
-0.198136	
-0.198577	
-0.199885	
-0.200134	
-0.200688	
-0.203321	
-0.208973	
-0.200971	
0.358932	
0.485348	
0.497515	
0.453437	
0.444351	
0.381112	
0.182016	
0.151132	
0.093225	
0.078852	
0.068920	
0.058673	
-0.105581	
-0.361336	
-0.387936	
-0.430685	
-0.458795	
-0.476264	
-0.489586	
