0.125126	
0.466933	
0.878933	
0.891140	
1.498459	
2.374340	
3.509629	
5.621510	
5.703909	
6.353954	
7.037568	
9.140293	
9.262367	
10.467849	
10.827967	
11.908322	
12.302011	
14.157537	
14.233832	
14.731284	
14.749596	
15.155492	
15.323343	
15.555285	
16.589861	
16.623432	
16.898098	
17.410810	
17.789240	
19.135105	
19.330423	
20.535906	
20.960112	
22.510452	
23.532824	
26.621296	
27.188940	
27.289652	
27.588732	
27.958006	
29.728081	
29.779961	
30.195013	
30.304880	
30.399487	
31.687368	
34.556107	
34.598835	
35.029144	
35.212257	
36.133915	
36.445206	
36.780907	
37.498093	
37.586597	
37.788017	
38.523514	
39.243752	
40.559097	
42.515335	
42.622150	
42.655720	
44.569233	
45.078892	
45.609913	
45.796074	
46.208076	
46.845913	
47.172459	
47.526474	
47.529526	
47.987305	
48.493912	
49.189735	
50.392162	
50.480667	
51.353497	
51.701408	
51.710564	
51.988281	
53.166294	
53.935360	
54.954681	
56.358532	
56.727806	
56.874294	
57.118443	
57.240517	
58.204903	
58.500931	
58.790855	
59.904781	
60.176395	
60.716576	
60.768456	
60.896633	
61.149937	
65.730766	
66.298409	
66.304512	
67.720573	
68.224129	
68.318733	
69.118317	
69.289223	
69.975891	
71.050140	
72.191536	
72.649315	
72.667625	
73.201698	
73.500778	
73.918884	
74.373604	
74.443802	
74.660484	
75.154884	
75.585190	
77.965637	
78.331856	
80.260628	
80.288094	
80.874046	
81.719414	
82.168037	
82.284004	
83.468124	
83.761101	
84.014404	
84.365364	
84.698021	
85.894348	
86.223946	
87.597275	
87.725456	
89.596237	
90.511795	
91.879028	
92.138435	
92.571793	
94.915619	
94.933929	
94.958344	
95.590073	
96.661278	
98.297066	
98.852501	
98.998993	
99.679558	
99.969482	
