0.183312	
0.492793	
0.241813	
0.225628	
-0.488273	
0.372266	
-0.446532	
-0.457713	
-0.493041	
0.105357	
0.384873	
0.376778	
0.234091	
-0.006190	
0.438113	
-0.459876	
-0.356257	
-0.499067	
-0.479123	
0.104990	
0.131673	
0.498126	
0.457167	
0.221093	
-0.237911	
-0.192490	
0.207895	
0.461277	
0.019672	
0.377826	
0.495897	
-0.470256	
0.024230	
-0.499958	
0.498093	
-0.484859	
-0.057170	
0.093225	
0.442102	
0.406413	
0.469489	
0.490474	
0.248939	
0.095188	
-0.046069	
0.363631	
0.002119	
-0.061817	
-0.493934	
-0.461802	
0.499929	
0.290569	
-0.188695	
-0.283582	
-0.165583	
0.131783	
0.309860	
-0.498461	
0.373926	
0.475937	
0.403438	
0.371699	
0.491001	
-0.073827	
-0.492753	
-0.372943	
0.192017	
0.370290	
-0.072598	
-0.467410	
-0.469016	
-0.261918	
0.412011	
0.042768	
0.185477	
0.300820	
-0.061070	
-0.459626	
-0.464858	
-0.448909	
0.330571	
-0.499951	
0.498790	
-0.269989	
0.255955	
0.414377	
0.495210	
0.437646	
-0.483664	
-0.206796	
0.214493	
-0.300023	
-0.496846	
-0.031307	
0.046426	
0.229790	
0.472475	
0.332706	
-0.413822	
-0.418891	
0.431659	
-0.225940	
-0.341800	
0.004917	
0.249550	
0.265184	
-0.229949	
0.097019	
-0.461930	
-0.471740	
-0.150806	
0.278533	
0.481298	
-0.033844	
-0.137374	
-0.400321	
-0.333439	
0.265974	
0.494255	
0.292092	
0.450212	
0.430783	
-0.329503	
0.056880	
0.496928	
0.486024	
-0.398720	
-0.022052	
0.328111	
0.490242	
0.183113	
0.036192	
0.436482	
-0.446050	
-0.328722	
-0.491694	
0.488768	
-0.366618	
-0.022412	
0.475312	
0.453914	
0.441717	
0.423390	
-0.387043	
0.408820	
-0.203197	
0.474142	
0.496612	
-0.277084	
-0.496774	
